
> set.seed(123)

> # Generate 100 random numbers from a normal distribution
> random_numbers <- rnorm(100, mean = 0, sd = 1)  # Mean = 0, Standard Deviation = 1

> # Round the numbers to 1 decimal place to make them discrete
> rounded_numbers <- round(random_numbers, 1)

> # Count the occurrences of each rounded value
> value_counts <- table(rounded_numbers)

> # Print the random numbers, rounded numbers, and their counts
> cat("Random Numbers (Normal Distribution):\n")
Random Numbers (Normal Distribution):

> print(random_numbers)
  [1] -0.560475647 -0.230177489  1.558708314  0.070508391  0.129287735  1.715064987
  [7]  0.460916206 -1.265061235 -0.686852852 -0.445661970  1.224081797  0.359813827
 [13]  0.400771451  0.110682716 -0.555841135  1.786913137  0.497850478 -1.966617157
 [19]  0.701355902 -0.472791408 -1.067823706 -0.217974915 -1.026004448 -0.728891229
 [25] -0.625039268 -1.686693311  0.837787044  0.153373118 -1.138136937  1.253814921
 [31]  0.426464221 -0.295071483  0.895125661  0.878133488  0.821581082  0.688640254
 [37]  0.553917654 -0.061911711 -0.305962664 -0.380471001 -0.694706979 -0.207917278
 [43] -1.265396352  2.168955965  1.207961998 -1.123108583 -0.402884835 -0.466655354
 [49]  0.779965118 -0.083369066  0.253318514 -0.028546755 -0.042870457  1.368602284
 [55] -0.225770986  1.516470604 -1.548752804  0.584613750  0.123854244  0.215941569
 [61]  0.379639483 -0.502323453 -0.333207384 -1.018575383 -1.071791226  0.303528641
 [67]  0.448209779  0.053004227  0.922267468  2.050084686 -0.491031166 -2.309168876
 [73]  1.005738524 -0.709200763 -0.688008616  1.025571370 -0.284773007 -1.220717712
 [79]  0.181303480 -0.138891362  0.005764186  0.385280401 -0.370660032  0.644376549
 [85] -0.220486562  0.331781964  1.096839013  0.435181491 -0.325931586  1.148807618
 [91]  0.993503856  0.548396960  0.238731735 -0.627906076  1.360652449 -0.600259587
 [97]  2.187332993  1.532610626 -0.235700359 -1.026420900

> cat("\nRounded Numbers:\n")

Rounded Numbers:

> print(rounded_numbers)
  [1] -0.6 -0.2  1.6  0.1  0.1  1.7  0.5 -1.3 -0.7 -0.4  1.2  0.4  0.4  0.1 -0.6  1.8  0.5 -2.0
 [19]  0.7 -0.5 -1.1 -0.2 -1.0 -0.7 -0.6 -1.7  0.8  0.2 -1.1  1.3  0.4 -0.3  0.9  0.9  0.8  0.7
 [37]  0.6 -0.1 -0.3 -0.4 -0.7 -0.2 -1.3  2.2  1.2 -1.1 -0.4 -0.5  0.8 -0.1  0.3  0.0  0.0  1.4
 [55] -0.2  1.5 -1.5  0.6  0.1  0.2  0.4 -0.5 -0.3 -1.0 -1.1  0.3  0.4  0.1  0.9  2.1 -0.5 -2.3
 [73]  1.0 -0.7 -0.7  1.0 -0.3 -1.2  0.2 -0.1  0.0  0.4 -0.4  0.6 -0.2  0.3  1.1  0.4 -0.3  1.1
 [91]  1.0  0.5  0.2 -0.6  1.4 -0.6  2.2  1.5 -0.2 -1.0

> cat("\nOccurrences of Each Rounded Value:\n")

Occurrences of Each Rounded Value:

> print(value_counts)
rounded_numbers
-2.3   -2 -1.7 -1.5 -1.3 -1.2 -1.1   -1 -0.7 -0.6 -0.5 -0.4 -0.3 -0.2 -0.1    0  0.1  0.2  0.3 
   1    1    1    1    2    1    4    3    5    5    4    4    5    6    3    3    5    4    3 
 0.4  0.5  0.6  0.7  0.8  0.9    1  1.1  1.2  1.3  1.4  1.5  1.6  1.7  1.8  2.1  2.2 
   7    3    3    2    3    3    3    2    2    1    2    2    1    1    1    1    2 

> sink("file=NULL")
